460 2690 2610 2550 1 3 365.076 520 1 3
0 332.571 69.2984 2 0 0 2 0.083906 0
1 228.09 517.43 2 0 0 2 0.135526 0
0 436.18 50 0 0 0 2 0 0
0 420.92 251.838 1 61.5626 221.608 2 0 0
0 525.722 601.997 2 0 0 1 0.166592 1
1 338.431 144.486 1 -32.7308 227.659 0 0 0
0 355.284 209.069 3 0 0 0 0 0
0 427.48 228.781 2 0 0 1 0.186353 1
0 409.348 314.437 3 0 0 0 0.336791 0
0 438.06 280.96 3 0 0 1 0.700633 0
0 360.436 280.474 3 0 0 1 0.791872 0
0 522.358 98 0 0 0 1 0 0
0 265.574 280.401 1 6.94722 229.895 1 0 0
0 203.775 370.25 3 0 0 1 0.38321 0
0 425.762 164 0 0 0 1 0 0
0 356.403 282.12 3 0 0 0 0.503508 0
0 487.018 602.351 3 0 0 2 0.77041 0
0 503.184 336.658 1 58.5585 222.421 2 0 0
